4
0.028832
0.028448
0.027616
0.029952
0.028416
0.031136
0.029152
0.028256
0.02816
0.029216
0.029248
0.029056
0.028384
0.028416
0.027264
0.028288
0.029728
0.03728
0.027968
0.029376
16
0.029184
0.029824
0.030272
0.029376
0.0312
0.029728
0.0296
0.029536
0.030336
0.029344
0.029888
0.02976
0.029472
0.029824
0.029856
0.018816
0.031776
0.029952
0.031712
0.029696
32
0.049312
0.030848
0.029504
0.03056
0.03056
0.029888
0.029376
0.030112
0.029888
0.030368
0.029184
0.029984
0.029856
0.030144
0.030976
0.031424
0.032256
0.03136
0.030528
0.030208
64
0.031968
0.032288
0.03248
0.032512
0.039488
0.032
0.030816
0.0328
0.032
0.032064
0.032512
0.032224
0.032032
0.031648
0.030592
0.032352
0.031328
0.031232
0.031072
0.032448
128
0.03232
0.032448
0.031904
0.032608
0.031616
0.031776
0.031328
0.032576
0.032864
0.032448
0.032192
0.032832
0.031776
0.032864
0.033696
0.033344
0.033472
0.033568
0.032384
0.032608
256
0.055168
0.056128
0.0536
0.055328
0.055328
0.05504
0.055072
0.055776
0.055552
0.055232
0.055264
0.056928
0.056992
0.054912
0.054496
0.056864
0.054432
0.056192
0.056736
0.063008
512
0.15376
0.153664
0.154048
0.153952
0.14768
0.149792
0.2072
0.15392
0.154528
0.15472
0.15392
0.154016
0.153728
0.153472
0.153696
0.153056
0.154752
0.15392
0.153248
0.15312
1024
0.638304
0.633952
0.626784
0.63248
0.634912
0.62992
0.631616
0.633728
0.632576
0.629344
0.628224
0.632416
0.630848
0.630336
0.629632
0.630336
0.631392
0.631936
0.629632
0.6336
